a262;11	117	a779;23	233	48
a4374;11	950	a5245;28	1057	41
a324;17	138	a4281;163	921	31
a159;8	73	a4487;12	983	28
a1291;564	269	a6877;256	1439	27
a3933;25	788	a4301;10	928	26
a2675;6	547	a52;6	25	24
a205;19	92	a2231;7	506	23
a3214;6	716	a6898;7	1447	21
a5945;19	1267	a6784;18	1399	21
a1291;564	269	a4281;163	921	20
a373;14	151	a6672;20	1352	17
a2675;6	547	a3997;4	820	17
a1293;22	271	a3099;11	684	17
a298;254	129	a3722;37	766	16
a1569;5	379	a463;7	173	16
a6006;6	1275	a692;5	215	16
a6616;8	1323	a6936;8	1458	16
a1818;10	451	a5493;4	1160	16
a4255;5	918	a89;5	37	15
a1488;7	354	a6860;4	1433	15
a1293;22	271	a1372;7	304	15
a2734;15	576	a56;21	27	15
a1861;19	461	a5945;19	1267	14
a1422;3	326	a7221;5	1533	14
a3099;11	684	a6784;18	1399	13
a1579;33	386	a1652;3	406	13
a5272;19	1073	a5277;5	1077	13
a3937;13	789	a5380;11	1116	12
a6208;3	1298	a6653;5	1343	12
a2622;9	525	a4291;5	924	12
a1291;564	269	a298;254	129	12
a2788;4	596	a3995;5	819	12
a4055;6	844	a4399;4	962	12
a213;4	97	a7131;5	1516	12
a107;9	47	a4256;5	919	12
a1442;4	335	a1725;3	431	11
a1326;8	285	a5781;22	1231	11
a2872;4	621	a5278;4	1078	11
a3974;4	806	a4193;4	899	11
a1378;10	307	a5384;5	1118	10
a1386;24	310	a4398;5	961	10
a106;4	46	a3989;4	816	10
a324;17	138	a56;21	27	10
a3981;4	812	a6973;4	1468	10
a5474;6	1153	a5598;5	1192	10
a5741;3	1223	a5837;3	1247	10
a3937;13	789	a4382;6	955	10
a161;3	74	a4110;3	868	10
a296;3	128	a7004;3	1484	9
a2738;3	580	a5319;4	1092	9
a3247;3	723	a6632;6	1334	9
a2877;3	623	a3716;4	765	9
a2709;4	565	a3942;8	791	9
a2713;9	567	a3491;4	752	9
a1303;3	273	a6853;3	1430	9
a1611;3	396	a4170;4	893	9
a1421;4	325	a4429;3	970	9
a3921;4	781	a599;2	204	9
a138;4	63	a2628;11	529	9
a1;14	0	a7023;4	1489	9
a1426;4	329	a2156;3	501	9
a3969;7	804	a4078;5	851	9
a3955;4	796	a6616;8	1323	8
a3999;4	822	a4129;4	875	8
a1563;3	378	a5312;4	1089	8
a5987;13	1274	a6784;18	1399	8
a255;3	116	a5382;3	1117	8
a1508;2	358	a2062;3	493	8
a316;3	136	a4705;3	1021	8
a185;16	85	a2663;12	544	8
a6666;5	1348	a6842;3	1425	8
a3178;3	703	a4029;5	832	8
a2867;4	618	a6738;4	1380	8
a1307;2	276	a6753;5	1390	8
a39;6	19	a6936;8	1458	8
a4082;6	854	a7272;2	1540	8
a396;2	155	a5374;7	1113	7
a1887;3	467	a3206;3	713	7
a2734;15	576	a324;17	138	7
a2923;2	635	a5601;2	1194	7
a3461;2	751	a4693;3	1019	7
a1366;4	302	a3253;4	725	7
a1313;11	279	a1661;3	411	7
a5696;3	1216	a6979;3	1473	7
a1280;3	264	a6907;8	1451	7
a3998;3	821	a5481;4	1155	7
a2058;2	492	a5321;25	1093	7
a6622;5	1329	a7358;3	1548	7
a3298;3	733	a4870;3	1034	7
a1277;6	261	a2852;4	613	7
a100;3	43	a5481;4	1155	7
a1576;4	384	a4140;3	881	7
a1787;3	445	a5265;3	1068	7
a3007;3	656	a3505;3	755	7
a3920;7	780	a5353;5	1106	7
a2110;2	499	a7015;3	1487	7
a1573;4	382	a295;4	127	7
a5624;3	1199	a6975;6	1470	7
a1461;5	340	a408;2	159	6
a4351;3	942	a4479;3	980	6
a4042;5	838	a5864;2	1250	6
a115;4	53	a6698;3	1369	6
a3240;3	721	a4392;3	959	6
a100;3	43	a1374;2	306	6
a2516;23	517	a324;17	138	6
a5251;3	1061	a5439;3	1142	6
a1074;23	256	a324;17	138	6
a4574;3	1005	a6750;3	1388	6
a2619;5	523	a6044;2	1281	6
a4508;2	988	a5307;3	1087	6
a1751;4	436	a6681;3	1357	6
a2684;10	554	a324;17	138	6
a1699;2	421	a22;3	12	6
a1644;3	405	a6662;3	1346	6
a179;3	82	a2759;4	586	6
a1464;66	342	a2223;38	504	6
a4373;5	949	a6617;10	1324	6
a241;132	109	a2621;71	524	6
a1861;19	461	a6784;18	1399	6
a1464;66	342	a7629;12	1572	6
a3002;5	654	a98;4	42	6
a1340;5	293	a1373;3	305	6
a4224;5	908	a6628;6	1332	6
a2684;10	554	a56;21	27	6
a181;9	84	a206;5	93	6
a3048;6	668	a5804;3	1242	6
a2621;71	524	a6528;12	1316	6
a5254;3	1063	a5485;2	1157	6
a5506;2	1164	a6632;6	1334	6
a114;3	52	a429;4	164	6
a5245;28	1057	a5525;3	1172	6
a4428;2	969	a4473;2	977	6
a1758;4	437	a7094;4	1507	6
a1481;4	348	a6982;4	1476	6
a481;2	178	a6901;3	1449	5
a1294;4	272	a1608;3	394	5
a3162;2	700	a3347;2	739	5
a146;9	67	a5495;2	1161	5
a4548;2	1000	a6696;2	1368	5
a689;2	214	a750;3	227	5
a1897;3	473	a4622;3	1011	5
a1713;2	425	a2779;2	590	5
a466;2	175	a6924;11	1454	5
a5411;2	1129	a6997;2	1482	5
a2991;2	650	a89;5	37	5
a2621;71	524	a3561;13	760	5
a1672;4	415	a6312;3	1308	5
a4078;5	851	a5068;2	1041	5
a1378;10	307	a2750;19	582	5
a1785;3	444	a243;3	111	5
a3969;7	804	a58;11	28	5
a4632;4	1013	a5428;2	1138	5
a111;16	50	a3706;27	764	5
a1715;3	426	a6824;2	1417	5
a3103;3	686	a6925;3	1455	5
a14;9	7	a5242;13	1055	5
a11;2	5	a4;3	2	5
a50;9	24	a6620;2	1327	5
a111;16	50	a541;21	194	5
a4005;2	823	a5356;3	1107	5
a4503;3	986	a7129;2	1515	5
a1432;3	331	a2992;4	651	5
a1341;2	294	a523;3	191	5
a2901;2	629	a4069;3	847	5
a2048;2	490	a2759;4	586	5
a2684;10	554	a2732;5	575	5
a1276;5	260	a4086;4	855	5
a4123;4	874	a4290;5	923	5
a1540;5	368	a3997;4	820	5
a1487;3	353	a3901;2	769	5
a4210;6	904	a5345;3	1102	5
a1307;2	276	a3984;3	814	5
a4042;5	838	a6945;3	1461	5
a3673;3	763	a4629;3	1012	5
a5289;3	1084	a6644;6	1337	5
a1879;2	466	a6246;2	1302	5
a4473;2	977	a7063;3	1500	5
a1305;5	274	a2658;5	542	5
a1361;3	301	a4054;3	843	5
a1586;2	388	a5746;2	1225	5
a150;3	69	a4184;2	896	5
a3949;9	793	a5817;3	1244	5
a5643;3	1202	a6807;3	1407	5
a4156;3	888	a5289;3	1084	5
a6615;8	1322	a6689;6	1362	5
a1672;4	415	a724;3	224	5
a5408;2	1126	a5410;2	1128	5
a241;132	109	a3561;13	760	4
a1977;2	480	a5671;3	1211	4
a1410;2	321	a1822;2	452	4
a5361;4	1109	a636;2	209	4
a2079;2	495	a5456;2	1147	4
a1360;2	300	a5532;2	1175	4
a115;4	53	a7334;2	1545	4
a3976;3	807	a4210;6	904	4
a3455;2	749	a826;3	243	4
a4535;2	996	a4724;3	1022	4
a4320;10	935	a5751;2	1228	4
a6951;2	1463	a7548;2	1569	4
a118;3	54	a5319;4	1092	4
a2729;5	573	a5788;2	1233	4
a2797;2	600	a5772;3	1229	4
a505;21	185	a5623;18	1198	4
a1462;3	341	a1781;2	442	4
a1368;3	303	a1570;2	380	4
a6223;2	1301	a743;2	226	4
a240;2	108	a6977;3	1471	4
a3210;2	715	a4021;2	829	4
a6680;4	1356	a84;2	33	4
a2621;71	524	a6198;13	1297	4
a1464;66	342	a6198;13	1297	4
a2675;6	547	a4256;5	919	4
a3941;2	790	a5810;2	1243	4
a4245;3	915	a5788;2	1233	4
a2245;2	508	a4372;3	948	4
a1977;2	480	a5888;2	1257	4
a322;3	137	a6644;6	1337	4
a5632;2	1201	a6636;2	1335	4
a111;16	50	a4143;11	883	4
a3544;2	757	a5393;2	1122	4
a136;3	62	a6772;4	1395	4
a363;2	149	a6624;3	1330	4
a2619;5	523	a4224;5	908	4
a4299;2	927	a499;3	182	4
a1809;3	450	a4156;3	888	4
a3231;2	720	a3457;3	750	4
a574;2	198	a809;2	239	4
a1934;2	475	a3007;3	656	4
a2;2	1	a801;2	237	4
a1767;2	439	a3922;5	782	4
a3979;3	810	a5657;3	1205	4
a118;3	54	a3999;4	822	4
a1405;2	319	a1501;3	356	4
a6984;2	1478	a974;2	251	4
a1635;2	401	a2993;2	652	4
a2688;10	555	a5747;4	1226	4
a2174;2	502	a6675;2	1353	4
a2075;3	494	a3914;3	777	4
a6694;4	1367	a6761;3	1391	4
a3928;3	786	a5485;2	1157	4
a702;3	218	a7451;2	1559	4
a5397;3	1123	a5520;3	1169	4
a3247;3	723	a4791;2	1031	4
a1368;3	303	a4452;3	972	4
a6844;2	1426	a7139;2	1518	4
a2673;4	546	a6859;2	1432	4
a1439;2	333	a1858;2	459	4
a5337;3	1098	a5502;2	1162	4
a1277;6	261	a132;4	61	4
a4119;3	872	a780;2	234	4
a578;2	201	a6810;2	1408	4
a3051;5	669	a6536;2	1317	4
a3352;2	740	a5575;2	1188	4
a1660;3	410	a5385;6	1119	4
a4160;2	890	a4343;3	939	4
a3998;3	821	a84;2	33	4
a11;2	5	a3153;3	699	4
a2908;6	631	a4029;5	832	4
a5268;4	1070	a6866;8	1436	4
a2760;13	587	a5523;2	1171	4
a1549;2	372	a5466;3	1151	4
a1414;14	323	a6775;4	1396	4
a1608;3	394	a3009;2	658	4
a4032;4	834	a5889;2	1258	4
a625;2	208	a770;3	231	3
a1535;2	365	a2037;2	488	3
a2235;2	507	a7417;2	1556	3
a1528;3	364	a2735;5	577	3
a1461;5	340	a6694;4	1367	3
a5665;3	1209	a7440;3	1558	3
a411;3	161	a4355;2	943	3
a3221;3	719	a3300;2	734	3
a5278;4	1078	a6686;17	1361	3
a2075;3	494	a6743;4	1384	3
a3992;3	817	a6617;10	1324	3
a3722;37	766	a4281;163	921	3
a2628;11	529	a4065;4	846	3
a2621;71	524	a505;21	185	3
a3455;2	749	a6945;3	1461	3
a1330;15	288	a660;13	212	3
a1185;2	258	a7018;2	1488	3
a4027;2	831	a7129;2	1515	3
a1339;2	292	a4372;3	948	3
a2020;2	485	a5165;2	1045	3
a2742;3	581	a4335;2	937	3
a5803;2	1241	a6380;2	1312	3
a2295;2	511	a3030;2	662	3
a4255;5	918	a5598;5	1192	3
a3278;3	730	a575;4	199	3
a110;8	49	a4391;6	958	3
a4249;20	916	a6198;13	1297	3
a201;2	90	a401;2	157	3
a2621;71	524	a6399;12	1313	3
a4224;5	908	a6044;2	1281	3
a10;2	4	a6838;4	1421	3
a1403;3	317	a2924;2	636	3
a5853;2	1249	a7025;2	1490	3
a4112;3	870	a5486;2	1158	3
a179;3	82	a2628;11	529	3
a2799;2	601	a695;3	216	3
a1517;3	362	a3265;2	728	3
a17;3	8	a5426;4	1137	3
a1312;3	278	a2858;4	615	3
a1866;2	464	a87;2	35	3
a5439;3	1142	a7270;2	1539	3
a274;4	121	a4703;3	1020	3
a6813;2	1410	a6946;3	1462	3
a1887;3	467	a4459;3	975	3
a1888;5	468	a4482;2	982	3
a4785;2	1030	a7201;3	1528	3
a132;4	61	a6486;2	1315	3
a2223;38	504	a2814;286	605	3
a4087;2	856	a4150;2	886	3
a5799;2	1238	a7056;5	1497	3
a3552;2	759	a6989;2	1480	3
a708;2	221	a88;7	36	3
a2802;3	602	a2991;2	650	3
a1341;2	294	a2673;4	546	3
a2056;4	491	a2138;2	500	3
a3252;2	724	a7110;2	1513	3
a2997;4	653	a6720;4	1378	3
a104;2	45	a5510;4	1165	3
a1494;2	355	a277;3	123	3
a1859;2	460	a5418;2	1132	3
a104;2	45	a2924;2	636	3
a3032;3	663	a3982;2	813	3
a5477;3	1154	a6681;3	1357	3
a1291;564	269	a7094;4	1507	3
a215;2	98	a6713;6	1374	3
a111;16	50	a5793;16	1235	3
a148;4	68	a3178;3	703	3
a2716;3	569	a5669;2	1210	3
a1806;2	449	a7389;2	1553	3
a235;2	107	a2708;2	564	3
a4137;4	879	a6897;2	1446	3
a5268;4	1070	a7054;2	1496	3
a3093;2	682	a6797;2	1403	3
a6661;3	1345	a6981;2	1475	3
a6620;2	1327	a6934;5	1457	3
a324;17	138	a7521;11	1567	3
a2802;3	602	a89;5	37	3
a3379;3	744	a3910;3	774	3
a1303;3	273	a6743;4	1384	3
a121;2	56	a4633;2	1014	3
a234;9	106	a6622;5	1329	3
a1322;3	283	a2682;20	552	3
a276;3	122	a3907;5	773	3
a1288;8	267	a448;2	169	3
a2643;3	536	a5264;4	1067	3
a143;3	66	a6693;2	1366	3
a1638;3	403	a4943;2	1038	3
a194;3	87	a620;2	207	3
a2227;2	505	a5593;2	1191	3
a3273;2	729	a4077;2	850	3
a2799;2	601	a5729;3	1221	3
a1588;3	389	a19;2	10	3
a4032;4	834	a6692;4	1365	3
a5233;3	1049	a6284;3	1305	3
a1738;2	433	a4599;3	1008	3
a2037;2	488	a6925;3	1455	3
a4006;2	824	a7030;2	1491	3
a7162;2	1519	a7367;2	1550	3
a1378;10	307	a6458;2	1314	3
a2623;5	526	a507;3	186	2
a2555;23	520	a324;17	138	2
a1405;2	319	a528;2	192	2
a1335;2	290	a913;2	248	2
a2223;38	504	a6587;10	1318	2
a3137;3	695	a4317;3	934	2
a5402;2	1124	a5520;3	1169	2
a4536;3	997	a7110;2	1513	2
a5331;2	1096	a695;3	216	2
a2223;38	504	a3561;13	760	2
a4187;3	897	a4397;2	960	2
a1854;2	458	a2877;3	623	2
a3951;3	794	a7645;2	1573	2
a1279;2	263	a7108;2	1511	2
a5931;2	1265	a6719;2	1377	2
a2016;2	484	a4140;3	881	2
a1403;3	317	a2931;2	638	2
a2840;4	611	a5536;3	1176	2
a1947;2	477	a7059;2	1498	2
a4249;20	916	a6399;12	1313	2
a486;3	180	a575;4	199	2
a1636;2	402	a389;2	153	2
a1309;6	277	a5517;12	1168	2
a1021;2	254	a1306;4	275	2
a1483;17	349	a4510;2	989	2
a3976;3	807	a6632;6	1334	2
a324;17	138	a5116;18	1043	2
a1713;2	425	a4556;3	1001	2
a3103;3	686	a5412;2	1130	2
a6671;3	1351	a7214;3	1531	2
a13;2	6	a5532;2	1175	2
a2223;38	504	a4249;20	916	2
a2223;38	504	a6399;12	1313	2
a2397;16	515	a324;17	138	2
a5729;3	1221	a695;3	216	2
a1662;3	412	a6273;2	1304	2
a1522;3	363	a3906;4	772	2
a1021;2	254	a5750;2	1227	2
a2785;6	594	a4050;12	842	2
a1312;3	278	a143;3	66	2
a5945;19	1267	a5987;13	1274	2
a2174;2	502	a528;2	192	2
a1487;3	353	a6770;5	1393	2
a4840;2	1032	a7084;2	1505	2
a1448;2	337	a7090;2	1506	2
a2678;3	550	a6844;2	1426	2
a17;3	8	a4137;4	879	2
a6877;256	1439	a7521;11	1567	2
a274;4	121	a804;2	238	2
a1854;2	458	a5878;2	1254	2
a292;2	126	a735;2	225	2
a3428;2	748	a5406;2	1125	2
a1575;2	383	a1577;3	385	2
a2756;2	585	a6694;4	1367	2
a3117;2	689	a4371;4	947	2
a1609;2	395	a2870;2	619	2
a3543;2	756	a7563;2	1570	2
a523;3	191	a7010;2	1486	2
a1464;66	342	a2621;71	524	2
a1479;3	346	a4;3	2	2
a2782;2	592	a7366;2	1549	2
a1793;2	446	a247;2	113	2
a1686;3	419	a7010;2	1486	2
a2625;5	528	a330;3	141	2
a4082;6	854	a479;4	177	2
a1283;4	265	a5419;3	1133	2
a1594;3	393	a6028;2	1278	2
a1461;5	340	a2756;2	585	2
a1289;2	268	a83;2	32	2
a5408;2	1126	a64;2	29	2
a1422;3	326	a396;2	155	2
a1656;3	408	a7262;2	1538	2
a291;2	125	a4197;3	901	2
a123;2	58	a2107;2	497	2
a3245;2	722	a5466;3	1151	2
a1696;2	420	a2867;4	618	2
a1276;5	260	a2652;3	539	2
a3087;2	680	a6821;2	1414	2
a5800;3	1239	a7076;2	1503	2
a2875;2	622	a6651;4	1342	2
a6006;6	1275	a6212;3	1299	2
a5893;2	1261	a6862;9	1434	2
a1686;3	419	a523;3	191	2
a1054;2	255	a5409;2	1127	2
a4233;3	912	a7003;3	1483	2
a3927;2	785	a4751;2	1027	2
a357;2	148	a4452;3	972	2
a4027;2	831	a4503;3	986	2
a2795;3	599	a521;3	190	2
a3978;2	809	a42;3	21	2
a1890;3	470	a6859;2	1432	1
a5883;3	1255	a7030;2	1491	1
a5696;3	1216	a5802;2	1240	1
a5623;18	1198	a6399;12	1313	1
a1279;2	263	a3240;3	721	1
a3543;2	756	a7007;2	1485	1
a1291;564	269	a2621;71	524	1
a1372;7	304	a6784;18	1399	1
a1862;19	462	a2814;286	605	1
a5245;28	1057	a7451;2	1559	1
a3928;3	786	a6651;4	1342	1
a1640;2	404	a6311;3	1307	1
a5794;3	1236	a7109;2	1512	1
a2546;10	518	a2621;71	524	1
a1291;564	269	a2736;20	578	1
a4094;2	859	a4293;2	926	1
a1350;2	298	a5653;3	1204	1
a1540;5	368	a4622;3	1011	1
a148;4	68	a2908;6	631	1
a5611;3	1195	a5773;3	1230	1
a174;6	81	a716;2	223	1
a2877;3	623	a5878;2	1254	1
a1374;2	306	a4187;3	897	1
a1528;3	364	a5165;2	1045	1
a1809;3	450	a3917;5	778	1
a1501;3	356	a6139;2	1289	1
a169;3	77	a3273;2	729	1
a4491;2	984	a5428;2	1138	1
a3561;13	760	a4249;20	916	1
a217;2	99	a3457;3	750	1
a3214;6	716	a6901;3	1449	1
a1291;564	269	a4249;20	916	1
a1392;5	313	a2138;2	500	1
a1330;15	288	a6856;3	1431	1
a5623;18	1198	a6587;10	1318	1
a5645;2	1203	a6680;4	1356	1
a4884;2	1035	a5312;4	1089	1
a4195;3	900	a4428;2	969	1
a1934;2	475	a3505;3	755	1
a3978;2	809	a4629;3	1012	1
a4599;3	1008	a7334;2	1545	1
a4382;6	955	a5380;11	1116	1
a169;3	77	a4077;2	850	1
a5598;5	1192	a89;5	37	1
a255;3	116	a6691;5	1364	1
a1809;3	450	a5289;3	1084	1
a2940;2	641	a5502;2	1162	1
a1291;564	269	a7629;12	1572	1
a2628;11	529	a3025;3	661	1
a1570;2	380	a4452;3	972	1
a3673;3	763	a42;3	21	1
a2905;40	630	a298;254	129	1
a6691;5	1364	a6703;3	1372	1
a1366;4	302	a3974;4	806	1
a5374;7	1113	a7221;5	1533	1
a1635;2	401	a7173;2	1523	1
a3033;2	664	a683;2	213	1
a131;5	60	a194;3	87	1
a5309;5	1088	a5853;2	1249	1
a3048;6	668	a5537;2	1177	1
a2678;3	550	a7139;2	1518	1
a42;3	21	a4629;3	1012	1
a5570;3	1185	a5892;2	1260	1
a307;3	132	a625;2	208	1
a2905;40	630	a6877;256	1439	1
a1372;7	304	a3099;11	684	1
a2742;3	581	a5554;2	1181	1
a185;16	85	a4870;3	1034	1
a5878;2	1254	a780;2	234	1
a1585;5	387	a3110;2	688	1
a1276;5	260	a355;2	147	1
a1291;564	269	a3339;15	738	1
a2814;286	605	a899;13	247	1
a1484;2	350	a5492;3	1159	1
a2555;23	520	a6877;256	1439	1
a1540;5	368	a2675;6	547	1
a5623;18	1198	a899;13	247	1
a2635;9	531	a2814;286	605	1
a2628;11	529	a6917;2	1452	1
a7004;3	1484	a7527;2	1568	1
a1378;10	307	a2975;3	647	1
a1306;4	275	a5750;2	1227	1
a3979;3	810	a6872;5	1438	1
a3040;2	666	a6785;3	1400	1
a292;2	126	a3056;3	670	1
a3278;3	730	a486;3	180	1
a131;5	60	a620;2	207	1
a2516;23	517	a6877;256	1439	1
a4400;2	963	a5318;2	1091	1
a307;3	132	a329;2	140	1
a2723;6	572	a5662;5	1207	1
a5247;3	1059	a7110;2	1513	1
a3127;2	693	a5331;2	1096	1
a3673;3	763	a3978;2	809	1
a3083;2	678	a5377;2	1115	1
a1414;14	323	a179;3	82	1
a2223;38	504	a2621;71	524	1
a5361;4	1109	a6676;3	1354	1
a1305;5	274	a5893;2	1261	1
a5384;5	1118	a6458;2	1314	1
a1793;2	446	a5967;3	1271	1
a296;3	128	a7527;2	1568	1
a229;5	104	a7007;2	1485	1
a24;21	14	a2635;9	531	1
a39;6	19	a5786;2	1232	1
a355;2	147	a4086;4	855	1
a229;5	104	a2675;6	547	1
a250;3	114	a6139;2	1289	1
a5585;2	1190	a7247;2	1535	1
a1291;564	269	a1332;70	289	1
a479;4	177	a7272;2	1540	1
a1368;3	303	a357;2	148	1
a1336;3	291	a91;2	39	1
a100;3	43	a4187;3	897	1
a2993;2	652	a4105;2	865	1
a202;2	91	a4487;12	983	1
a1293;22	271	a5245;28	1057	1
a1461;5	340	a5572;3	1187	1
a2628;11	529	a2759;4	586	1
a2079;2	495	a2871;2	620	1
a1477;2	345	a4372;3	948	1
a1074;23	256	a6877;256	1439	1
a241;132	109	a2578;30	521	1
a1461;5	340	a6761;3	1391	1
a4285;2	922	a5359;2	1108	1
a4231;2	911	a7358;3	1548	1
a3379;3	744	a7454;2	1560	1
a2811;10	604	a7521;11	1567	1
a1278;2	262	a3083;2	678	1
a1293;22	271	a6784;18	1399	1
a5373;3	1112	a5661;2	1206	1
a1357;2	299	a1660;3	410	1
a1576;4	384	a2016;2	484	1
a2871;2	620	a5456;2	1147	1
a6797;2	1403	a7645;2	1573	1
a328;2	139	a7041;2	1493	1
a5623;18	1198	a7629;12	1572	1
a2742;3	581	a6194;3	1296	1
a2797;2	600	a2826;3	607	1
a3105;3	687	a7031;2	1492	1
a1387;5	311	a4034;5	835	1
a17;3	8	a6897;2	1446	1
a1563;3	378	a4884;2	1035	1
a3331;2	737	a401;2	157	1
a4491;2	984	a4632;4	1013	1
